907  927  804  706  692  852  41   458  749  91   
750  421  132  592  48   801  691  935  496  154  
657  210  801  226  512  108  153  254  39   654  
375  627  656  585  484  745  180  182  309  54   
190  491  520  870  126  119  116  650  167  168  
574  30   234  242  361  440  236  34   678  589  
150  572  733  70   812  82   859  468  632  110  
12   647  567  690  298  373  484  894  30   361  
260  10   663  354  274  621  745  967  884  741  
368  455  990  127  941  685  829  473  256  691  
254  510  799  414  312  354  981  131  335  494  
862  593  35   927  794  135  249  50   497  527  
648  451  974  859  103  110  279  54   612  165  
339  543  320  916  109  458  305  33   408  119  
872  463  868  623  309  37   800  156  767  739  
952  840  96   277  353  281  633  587  50   691  
50   687  182  999  468  440  943  579  874  631  
293  161  189  849  399  429  40   277  993  977  
964  862  470  251  317  914  72   585  20   820  
351  36   245  687  30   507  636  860  252  201  
100  174  217  322  144  668  759  682  174  775  
556  774  880  636  437  335  613  716  804  108  
840  114  533  991  519  469  774  900  126  527  
85   749  973  804  478  513  192  439  349  982  
637  938  313  732  315  709  722  60   201  385  
397  801  733  973  205  854  103  384  171  17   
76   456  977  38   471  19   708  726  925  956  
289  89   807  368  729  114  206  769  296  859  
50   210  802  161  171  405  766  848  516  442  
160  10   685  704  722  44   552  969  482  194  
462  441  490  460  507  247  444  497  551  471  
76   787  342  903  451  459  459  921  177  894  
656  537  315  343  753  295  669  976  90   623  
249  996  293  927  889  479  545  112  969  695  
719  977  545  132  175  528  577  815  731  2    
582  839  706  382  852  793  680  757  428  433  
707  372  633  524  737  645  213  456  641  155  
993  678  607  181  437  343  164  965  892  125  
260  169  756  227  762  577  396  680  698  122  
863  711  709  426  593  178  178  333  679  865  
802  920  844  886  13   716  48   563  604  285  
443  830  79   140  892  227  136  377  211  866  
335  389  165  499  151  111  569  439  368  461  
526  641  182  534  952  373  267  718  163  560  
241  609  223  449  355  371  45   5    124  88   
736  297  255  295  479  484  768  180  338  634  
123  6    555  649  917  782  232  205  63   58   
822  871  570  249  864  46   319  360  992  124  
470  436  284  460  954  616  45   978  746  433  
620  564  859  912  822  375  125  569  162  758  
931  114  392  118  767  565  637  997  573  33   
300  301  134  502  807  387  224  328  54   989  
252  326  238  412  289  163  406  78   607  149  
935  22   462  996  498  696  456  573  686  223  
12   591  562  490  756  950  663  655  225  911  
26   454  438  435  961  602  795  175  876  99   
379  130  846  695  384  785  483  850  781  640  
868  724  363  506  625  34   496  99   391  455  
950  580  970  236  600  919  661  406  754  171  
127  552  673  10   368  856  953  833  788  294  
262  256  375  738  260  682  130  205  659  623  
629  452  453  288  686  128  554  827  384  873  
679  40   312  404  938  403  612  594  793  228  
341  667  707  795  574  891  326  63   973  740  
67   80   194  924  928  259  765  385  564  863  
589  898  680  478  838  855  68   46   331  76   
592  25   93   770  836  450  242  582  857  560  
609  766  226  383  309  697  861  685  520  887  
575  11   834  617  399  149  906  730  945  260  
684  782  174  321  788  633  121  836  26   220  
909  591  983  339  854  28   303  602  574  262  
358  978  49   447  392  15   842  453  740  852  
127  18   472  968  891  180  659  914  947  155  
519  595  443  538  830  748  121  935  447  856  
985  422  872  163  595  930  870  155  155  61   
51   669  160  651  903  971  463  634  266  965  
448  493  649  509  945  826  143  904  177  607  
654  914  616  332  750  409  342  109  53   573  
705  79   879  326  35   837  592  670  674  987  
120  64   209  523  519  306  272  78   705  415  
392  670  707  544  282  897  935  76   328  216  
900  189  68   417  754  662  959  914  260  721  
677  279  830  957  263  573  409  177  880  424  
789  586  45   866  799  363  935  61   627  221  
579  139  708  932  811  188  225  677  126  800  
338  397  686  285  956  12   857  555  472  322  
522  726  995  880  936  828  66   994  823  432  
820  595  101  582  484  809  640  8    639  299  
639  768  595  745  982  286  153  59   222  269  
268  789  548  121  178  457  545  4    211  141  
26   193  759  574  48   440  341  141  322  996  
362  153  586  513  510  590  982  530  565  92   
272  634  460  635  680  177  915  869  568  33   
418  284  528  962  255  303  627  659  567  255  
225  9    250  22   39   317  900  834  164  537  
825  566  902  923  193  763  164  38   645  901  
149  837  441  520  537  857  66   13   654  69   
321  327  782  640  488  155  750  810  525  463  
74   563  661  330  455  296  947  621  154  279  
993  496  184  526  509  184  469  503  48   168  
0    159  940  845  559  447  212  191  455  513  
248  468  623  831  520  927  725  497  377  433  
561  214  678  991  481  797  193  693  964  28   
546  160  683  464  631  538  653  798  421  698  
570  66   645  922  554  838  411  597  255  158  
11   504  200  193  909  489  600  698  3    5    
335  528  696  542  934  178  779  285  760  495  
299  476  263  693  398  440  909  48   61   973  
501  30   322  450  185  1    917  414  781  933  
787  162  188  834  889  561  505  379  639  671  
945  840  128  182  615  42   824  718  631  429  
527  381  439  987  118  661  227  230  191  958  
713  789  874  748  964  51   541  162  524  733  
644  662  566  411  906  471  456  344  422  461  
424  453  121  616  189  251  918  379  870  672  
547  938  370  443  160  890  704  251  94   144  
408  22   97   4    585  750  425  623  836  184  
326  987  896  559  410  91   624  935  347  851  
258  622  288  401  338  424  252  259  278  778  
777  843  251  150  712  217  328  137  270  383  
945  34   312  859  951  693  754  688  62   734  
436  406  831  345  975  19   487  377  399  378  
392  408  849  683  62   911  606  899  653  358  
280  654  33   254  333  482  93   301  538  446  
40   2    162  682  933  145  959  929  371  841  
184  772  349  724  284  321  905  679  541  500  
550  700  320  36   490  252  677  578  658  568  
170  869  311  673  301  330  901  294  153  426  
756  935  672  51   748  280  154  572  989  720  
685  939  309  650  510  290  694  395  343  106  
815  878  313  854  73   572  644  379  741  32   
420  502  628  666  262  135  95   362  252  180  
504  416  77   985  585  505  529  639  468  332  
971  178  562  422  656  224  744  875  783  103  
526  870  185  845  650  395  299  718  421  995  
930  354  324  504  166  485  98   225  314  699  
619  136  75   611  268  361  214  267  722  414  
255  853  625  58   432  768  238  138  767  578  
126  475  795  157  840  607  576  527  168  578  
824  15   637  228  805  604  830  824  188  200  
321  837  4    757  540  346  328  815  24   727  
521  34   906  297  712  421  355  935  570  816  
947  299  276  361  761  387  25   133  46   209  
106  862  836  679  77   560  73   455  674  688  
784  650  826  951  593  231  872  603  159  582  
516  62   187  862  446  140  143  276  168  951  
14   652  287  93   314  597  235  245  390  841  
685  789  350  978  353  271  83   779  652  86   
987  533  495  596  168  241  597  445  687  678  
377  657  661  259  772  125  181  599  342  876  
493  767  442  141  162  440  183  485  336  182  
59   718  559  356  923  215  842  381  553  302  
977  730  134  395  746  172  160  119  916  117  
901  598  676  394  744  768  716  580  267  622  
448  184  286  739  506  507  927  337  921  497  
859  198  350  920  396  854  167  969  308  931  
375  95   360  561  141  691  184  855  420  366  
734  28   44   264  853  854  214  26   740  153  
22   543  387  245  52   392  461  265  579  32   
95   575  934  204  272  768  847  592  609  977  
898  350  583  358  882  408  767  158  282  608  
1    935  519  437  264  20   84   873  33   708  
542  178  962  765  417  934  597  224  426  538  
661  175  223  203  223  812  19   798  829  212  
991  302  527  732  693  373  107  26   127  749  
223  503  680  494  68   140  328  355  238  787  
502  704  1    415  217  719  238  671  880  891  
862  503  371  276  470  439  889  277  627  695  
75   218  552  355  913  574  134  268  155  964  
900  856  835  772  551  595  617  808  547  454  
951  415  947  679  599  818  925  192  745  46   
489  620  577  137  412  207  297  976  136  646  
371  608  302  608  553  388  791  539  912  503  
551  65   90   298  723  316  907  568  165  976  
807  615  917  88   658  714  370  316  720  765  
305  697  358  721  733  65   312  937  920  997  
269  187  217  649  680  203  87   455  136  285  
29   318  146  354  390  83   397  508  866  785  
134  741  202  774  21   157  889  798  368  611  
699  651  839  366  226  965  240  836  423  759  
180  618  838  826  969  669  949  750  785  505  
518  726  91   440  106  923  641  357  409  380  
346  497  912  341  224  430  594  781  124  331  
674  124  313  567  15   117  14   937  353  392  
264  735  579  563  208  669  90   354  552  113  
269  5    396  261  366  137  239  893  816  945  
747  633  576  839  325  252  625  885  920  806  
923  777  257  887  179  569  467  206  785  435  
4    105  390  640  575  765  357  505  148  81   
956  314  357  350  586  655  458  913  675  141  
855  356  2    602  404  769  622  23   917  561  
8    532  691  901  332  797  468  610  742  836  
430  746  791  127  570  665  720  484  630  141  
510  202  587  242  191  490  793  773  620  517  
207  751  207  639  295  884  294  837  25   668  
401  219  319  994  433  865  66   196  17   167  
283  418  186  398  252  18   113  689  960  178  
756  956  47   528  13   675  479  863  349  359  
32   547  701  901  190  511  705  319  125  61   
774  238  768  806  94   136  514  810  185  983  
193  922  790  555  287  915  387  257  51   694  
281  347  104  55   339  826  172  411  768  129  
323  653  79   628  653  794  339  673  941  947  
311  477  460  219  819  306  534  370  776  696  
571  425  977  258  688  39   730  634  839  620  
493  943  140  564  507  726  722  685  896  503  
398  261  722  42   945  478  187  818  300  155  
189  928  351  920  733  163  66   84   851  590  
984  954  857  490  817  657  730  854  511  673  
614  972  579  319  139  175  280  459  37   170  
392  967  121  889  79   930  486  910  117  742  
934  957  615  351  244  41   496  766  837  491  
932  68   748  432  13   427  537  66   82   505  
226  826  220  310  861  908  195  329  348  427  
553  837  2    855  957  866  445  412  618  761  
548  582  185  536  499  849  597  159  453  837  
181  618  249  722  23   352  720  240  891  339  
534  883  686  161  799  173  144  674  892  268  
456  179  534  461  150  627  170  201  289  292  
678  304  90   380  475  947  641  68   35   70   
735  305  437  829  356  9    166  118  833  536  
426  512  648  132  28   163  923  477  474  544  
651  874  797  441  538  32   448  60   978  404  
398  277  815  690  856  594  307  414  431  434  
129  636  527  664  900  164  517  645  48   648  
531  708  537  456  114  922  3    398  583  702  
538  806  960  901  436  848  232  49   347  681  
945  490  815  206  546  253  747  90   514  565  
286  746  332  375  709  24   28   579  879  421  
472  591  658  923  594  446  580  481  645  610  
348  775  317  581  426  669  316  886  324  464  
555  970  379  805  46   233  686  368  427  170  
309  703  348  226  504  442  499  809  680  878  
582  541  550  11   715  931  948  499  701  483  
601  572  199  140  521  439  480  48   123  249  
456  921  349  890  315  180  613  21   364  813  
689  751  403  115  490  364  562  997  44   590  
580  509  609  439  799  212  814  385  851  670  
510  163  51   447  806  823  420  39   282  818  
668  514  470  396  413  683  606  849  538  90   
361  655  401  203  516  592  194  89   420  266  
247  186  166  342  940  61   170  390  816  234  
477  730  916  825  870  229  20   141  100  683  
652  754  301  830  789  421  18   65   784  531  
641  828  931  533  475  289  337  770  448  903  
830  741  695  389  100  657  419  785  575  466  
538  122  96   925  639  66   8    259  179  856  
459  763  231  629  39   726  421  478  253  974  
24   25   431  849  801  699  771  546  396  721  
535  641  90   622  693  4    439  437  729  662  
663  471  665  935  229  654  652  253  588  115  
950  537  802  5    763  621  722  764  505  724  
760  813  300  266  986  910  684  550  445  437  
33   117  430  148  338  130  51   471  186  986  
393  913  20   716  134  980  305  969  985  959  
136  888  225  421  605  182  828  916  404  820  
82   379  639  657  40   400  975  121  865  536  
768  574  546  856  9    230  588  740  482  813  
952  630  285  125  646  97   130  76   743  142  
214  229  292  695  140  624  190  170  328  310  
55   425  863  976  664  591  786  496  413  893  
125  154  582  391  835  452  399  440  964  412  
995  221  426  353  700  936  304  444  566  444  
636  328  453  297  878  928  659  344  945  552  
607  169  939  72   131  826  456  580  540  940  
67   502  912  129  215  768  378  544  538  781  
761  708  467  736  875  201  862  247  508  537  
174  137  619  950  267  117  223  25   308  149  
109  435  806  667  190  41   477  675  383  309  
659  681  200  883  647  252  49   73   735  60   
89   331  345  216  578  438  630  763  82   811  
344  727  827  190  422  306  53   103  901  969  
217  376  890  434  369  929  21   294  687  433  
360  271  276  390  193  615  130  487  187  185  
228  511  76   811  164  516  866  364  93   729  
431  938  370  545  559  176  358  542  696  670  
254  921  706  633  380  650  406  389  69   305  
507  408  781  654  503  824  505  383  427  96   
270  840  34   639  8    432  940  49   318  153  
566  419  124  64   916  137  704  478  1    986  
937  990  262  534  229  344  882  118  987  109  
569  302  72   556  239  215  517  77   943  583  
768  931  783  973  122  511  774  159  458  515  
714  86   264  220  67   909  588  349  260  742  
192  903  395  862  123  805  294  42   264  103  
584  10   526  549  60   228  361  494  706  316  
913  673  840  226  721  797  947  725  11   708  
246  135  154  557  417  433  576  410  774  889  
65   487  360  176  311  413  597  705  327  133  
310  303  405  64   700  942  500  407  261  252  
712  199  399  969  119  519  788  982  717  541  
743  522  183  861  335  243  603  435  617  923  
494  668  58   128  870  536  869  160  473  859  
850  4    508  332  608  309  321  53   68   557  
667  796  290  800  100  441  516  146  250  729  
137  26   853  458  63   343  844  977  716  738  
728  312  121  573  512  660  785  146  439  614  
456  447  843  280  527  576  279  98   551  902  
932  213  196  854  771  985  613  45   695  242  
96   459  569  280  195  397  739  399  561  936  
832  939  561  91   563  832  125  100  864  522  
730  533  697  241  323  712  370  543  403  409  
623  388  194  340  748  929  296  390  964  572  
896  528  614  188  863  633  909  566  477  315  
983  287  746  682  889  203  373  760  985  621  
465  156  892  279  914  251  769  780  823  616  
101  173  7    233  344  873  17   602  328  792  
766  94   213  626  938  994  684  691  691  156  
400  290  545  548  134  747  719  299  48   705  
584  841  893  160  134  987  30   394  319  765  
404  96   969  467  344  587  48   199  627  571  
645  222  383  744  257  931  813  359  98   977  
217  696  493  987  147  534  541  726  664  734  
706  506  712  28   318  700  617  106  228  568  
324  442  626  669  614  757  625  657  458  421  
258  479  660  633  635  677  273  495  746  779  
686  999  290  985  734  180  836  913  256  470  
735  685  216  871  587  210  293  531  314  925  
195  739  504  692  442  979  509  688  278  514  
64   633  984  179  54   139  245  578  35   456  
934  856  537  679  112  467  199  643  764  848  
395  247  986  858  627  664  73   623  249  35   
234  33   829  9    198  387  391  751  157  516  
221  611  537  561  937  989  114  38   927  306  
659  380  813  143  157  594  444  372  51   501  
399  582  45   994  170  17   881  318  564  150  
678  796  255  818  403  462  184  599  928  663  
26   623  523  385  688  214  798  195  27   487  
86   205  608  433  215  614  934  700  567  558  
550  975  849  184  956  443  82   98   397  574  
857  624  241  249  114  5    547  138  668  948  
7    841  572  447  468  309  81   773  529  559  
241  577  661  874  308  953  465  552  112  356  
105  521  36   239  644  0    410  738  791  606  
54   110  40   963  652  58   210  241  577  927  
621  724  640  664  616  111  296  110  185  137  
708  475  243  824  667  798  26   388  601  502  
459  151  614  210  504  308  149  687  706  502  
936  732  199  322  178  531  79   727  117  169  
770  348  69   352  388  715  317  90   971  86   
561  266  536  319  299  741  868  260  105  175  
6    210  527  579  442  337  953  474  51   305  
908  376  204  803  77   699  756  435  850  878  
856  925  448  117  110  733  965  938  559  363  
7    407  491  799  780  133  620  986  579  909  
476  277  171  948  424  509  595  116  970  839  
498  425  545  737  32   337  676  98   228  304  
327  858  863  466  260  245  193  26   261  643  
586  603  937  548  708  909  694  171  703  859  
295  792  93   266  693  978  368  716  906  893  
840  542  180  680  825  479  511  66   860  394  
614  383  21   749  891  173  685  947  533  188  
697  231  402  701  995  138  749  33   959  7    
577  374  617  629  383  158  797  229  388  864  
15   341  559  435  76   587  970  448  336  790  
950  352  553  961  372  590  700  281  649  750  
223  10   409  181  743  45   760  851  595  853  
140  247  880  10   623  193  927  781  213  750  
492  133  48   687  463  361  156  723  536  439  
888  367  863  949  225  427  162  470  854  711  
555  607  191  669  353  746  967  48   502  811  
764  766  48   945  652  610  372  399  883  213  
896  92   682  590  959  632  794  71   259  856  
305  850  694  867  604  132  857  397  934  481  
873  812  712  192  270  162  610  696  134  91   
552  179  2    223  344  514  647  218  755  617  
408  890  707  613  10   128  84   179  184  547  
733  739  632  274  17   340  253  224  329  521  
590  644  572  357  215  18   138  700  439  292  
389  650  890  765  978  735  648  240  742  435  
190  52   756  694  51   803  46   299  389  539  
706  518  565  84   759  492  424  699  655  634  
599  486  384  761  282  409  758  648  809  937  
99   299  99   735  490  914  82   128  808  933  
206  786  660  582  25   89   568  407  115  227  
744  966  840  88   603  390  991  950  784  713  
603  76   547  483  431  158  143  128  733  328  
718  488  296  382  671  306  460  156  864  702  
378  761  741  272  856  274  15   986  560  324  
975  217  824  329  885  11   74   383  485  295  
853  373  601  918  315  711  941  904  572  204  
150  58   900  503  308  823  792  35   995  612  
831  434  348  376  782  328  89   220  980  211  
537  999  112  349  153  326  56   197  996  362  
211  739  571  466  664  387  368  819  473  20   
95   340  707  154  407  335  471  216  8    221  
701  177  350  521  559  161  245  288  605  696  
852  983  280  151  678  694  256  550  95   388  
473  461  741  787  227  626  215  933  866  330  
130  206  622  859  993  836  763  673  853  997  
651  872  550  608  290  418  664  591  627  936  
690  819  818  246  763  184  497  963  789  634  
855  590  350  680  957  495  565  848  203  261  
666  652  947  820  921  164  43   402  665  780  
25   921  912  862  746  615  633  3    452  548  
240  671  77   804  741  922  524  367  952  854  
110  493  476  301  379  909  55   347  786  87   
384  965  298  153  10   432  179  159  0    564  
860  503  169  898  390  132  479  524  433  257  
530  381  398  288  482  1    132  243  829  710  
447  579  238  162  126  15   255  366  556  592  
384  732  89   146  968  102  329  621  683  391  
702  149  468  117  962  919  293  423  223  430  
381  499  938  332  282  164  789  396  712  434  
229  280  944  146  339  606  284  760  414  369  
809  506  873  301  958  911  145  10   157  479  
35   813  639  196  619  692  677  842  399  152  
700  331  765  640  16   295  642  443  21   514  
614  198  258  93   92   471  983  306  509  609  
960  162  15   474  19   137  602  585  294  845  
364  411  564  218  718  512  578  442  631  257  
412  467  879  213  606  761  334  621  16   774  
61   348  1    543  445  459  495  121  144  364  
342  131  997  269  208  646  319  855  244  163  
232  848  177  883  842  406  996  357  943  213  
320  715  793  442  982  470  436  625  302  644  
251  660  741  510  136  557  255  95   552  446  
270  578  278  287  59   187  119  424  285  809  
326  752  184  226  145  765  480  336  236  260  
462  594  148  67   514  798  758  149  889  509  
313  718  321  656  594  151  827  34   7    965  
200  358  957  173  152  330  5    307  14   379  
853  155  488  92   740  991  325  121  136  347  
552  457  19   453  236  372  442  448  272  936  
552  147  646  18   675  686  327  676  14   181  
441  850  431  144  451  113  449  193  783  689  
372  728  705  506  228  323  728  14   80   994  
211  406  252  443  398  656  152  465  533  910  
954  82   328  842  946  721  911  401  77   625  
368  718  708  371  607  849  253  354  381  951  
666  573  252  347  281  445  105  909  357  727  
691  842  898  596  348  693  438  423  758  789  
942  751  199  502  911  558  768  372  622  689  
722  558  426  936  490  359  569  328  895  731  
160  888  441  440  831  193  580  890  315  290  
830  108  582  994  805  419  884  607  956  661  
312  55   920  827  415  877  582  435  490  694  
695  617  730  868  678  366  951  162  514  625  
514  330  63   350  444  596  122  620  61   575  
500  460  745  373  782  758  521  386  439  566  
870  957  682  143  67   322  627  214  676  215  
43   475  641  518  346  900  727  683  725  570  
9    718  752  439  563  379  989  664  463  728  
230  600  748  190  831  894  4    412  768  504  
404  880  169  255  65   639  895  141  849  736  
62   276  128  564  551  968  388  160  165  936  
563  366  682  618  148  49   599  69   739  800  
836  682  449  109  836  629  523  142  181  81   
673  355  294  58   882  145  530  343  62   462  
805  743  972  574  12   859  774  78   313  644  
538  351  591  126  106  901  395  574  349  49   
700  424  975  27   917  549  567  460  344  250  
568  611  581  332  442  822  227  491  314  172  
406  372  727  201  586  140  422  681  535  73   
177  816  206  571  587  594  602  923  847  14   
674  379  178  360  270  727  22   552  128  610  
136  885  22   84   540  989  397  722  591  225  
888  190  6    405  8    313  485  246  662  670  
682  815  991  41   844  741  824  264  894  241  
235  241  592  815  176  460  199  557  87   34   
556  661  492  70   667  278  909  139  861  64   
584  590  168  839  488  245  965  746  834  592  
771  108  395  335  18   755  525  653  602  783  
49   931  709  237  262  632  826  636  499  767  
891  480  961  258  930  566  453  158  695  647  
69   438  269  336  713  309  662  80   900  662  
172  516  162  430  658  88   748  340  210  647  
394  7    968  813  329  330  726  211  893  180  
329  907  400  539  533  844  548  969  757  752  
237  799  469  340  563  242  459  704  447  739  
915  287  467  899  394  505  559  774  614  495  
841  103  684  807  876  709  73   594  285  821  
749  153  650  688  581  343  715  775  384  459  
958  147  637  964  382  178  763  810  3    335  
16   875  120  880  22   515  185  310  467  744  
635  761  535  253  425  962  964  348  572  61   
689  778  290  503  832  589  826  972  41   177  
583  836  422  308  347  694  56   319  422  14   
889  958  495  683  996  138  186  100  674  684  
339  365  79   812  626  212  396  580  512  105  
949  102  696  645  918  957  625  122  714  627  
323  571  117  406  857  109  691  784  270  127  
831  416  786  110  936  459  23   300  217  87   
639  330  960  737  313  675  426  21   83   666  
141  430  266  975  989  223  968  255  931  753  
349  610  155  573  705  648  397  109  408  334  
319  999  736  325  689  354  343  149  697  435  
409  296  927  145  800  833  947  48   564  263  
174  259  806  429  663  462  607  28   47   899  
190  890  558  475  50   701  967  344  341  371  
314  336  778  604  650  4    584  298  726  26   
710  975  163  336  362  8    273  890  869  457  
916  925  345  161  623  877  158  759  148  916  
265  653  463  668  390  180  564  359  216  529  
966  269  190  390  321  438  448  620  666  864  
50   303  22   99   792  114  264  67   892  965  
495  702  715  156  159  807  238  242  911  986  
936  534  67   393  116  437  986  374  833  776  
195  665  271  935  59   453  556  30   371  182  
803  710  488  686  165  583  250  168  338  470  
145  476  89   634  101  285  86   739  549  767  
228  604  970  541  444  344  477  442  372  731  
126  326  539  851  823  203  796  415  648  601  
962  166  404  775  731  691  900  34   959  848  
778  667  218  473  705  780  736  450  635  803  
81   123  547  339  6    867  644  479  362  211  
401  760  172  404  575  249  21   348  432  465  
917  708  193  240  563  366  246  102  340  870  
413  696  930  117  248  797  593  702  847  856  
327  843  853  270  291  111  226  83   295  322  
961  440  632  264  530  471  894  43   739  266  
703  146  835  633  576  474  215  315  487  996  
8    263  795  959  181  491  661  912  141  117  
763  647  119  23   802  315  206  768  483  809  
391  1    834  521  445  246  547  497  191  942  
430  782  151  516  741  56   695  751  418  894  
320  774  38   666  603  552  144  894  387  355  
315  46   546  539  460  624  699  286  778  802  
824  766  886  787  285  551  781  637  236  417  
723  769  979  367  915  731  707  561  173  959  
922  880  174  685  843  80   406  785  573  627  
150  14   825  75   112  436  864  191  244  518  
13   826  224  249  550  561  288  43   560  628  
886  96   107  38   92   195  292  328  215  795  
187  723  878  372  972  429  156  543  329  309  
26   364  296  818  128  903  377  674  229  577  
123  295  846  889  759  718  667  130  732  259  
224  303  413  687  355  124  176  123  321  390  
801  738  734  614  727  201  900  530  92   74   
451  157  186  611  867  545  604  624  446  817  
531  816  25   723  571  750  380  134  110  190  
936  185  382  356  81   484  8    287  28   323  
239  323  74   616  911  591  789  503  588  348  
611  897  498  912  769  329  966  730  626  739  
116  166  584  526  626  163  722  39   677  660  
790  936  579  796  857  633  753  525  245  598  
102  66   986  88   663  499  329  625  580  329  
172  890  835  555  178  247  300  585  418  118  
101  335  725  955  86   756  201  128  767  899  
587  587  57   377  805  888  499  497  904  737  
846  372  275  315  203  901  349  571  619  860  
336  409  783  369  391  588  954  820  913  638  
611  10   262  928  511  467  705  105  470  793  
183  27   717  35   295  823  60   179  754  419  
553  349  821  841  989  554  605  809  53   492  
210  241  236  586  671  5    271  870  665  90   
713  317  645  15   824  382  767  997  311  639  
377  638  213  532  857  957  118  418  510  452  
545  627  180  796  730  627  309  128  593  778  
906  43   122  963  27   147  710  829  636  502  
154  263  921  236  999  545  531  309  634  456  
203  813  964  203  86   236  477  636  393  539  
181  969  223  404  731  364  857  801  977  143  
949  8    695  308  115  454  455  108  875  529  
369  438  875  346  832  82   832  43   229  551  
162  405  955  106  350  230  634  888  918  48   
368  517  467  573  564  998  246  154  877  524  
331  794  451  634  439  973  420  945  963  8    
802  114  185  591  587  204  663  584  529  942  
787  353  842  191  285  493  531  756  859  131  
241  522  440  591  608  517  830  773  912  664  
431  236  612  38   982  351  893  400  643  610  
175  368  63   643  577  61   444  142  123  584  
753  174  275  950  925  489  169  831  313  987  
476  391  827  605  140  771  632  407  209  718  
482  764  699  276  834  774  500  375  856  674  
308  912  521  933  387  704  144  526  292  823  
872  318  728  470  152  77   464  264  240  639  
783  766  243  511  295  515  750  531  451  268  
840  88   45   445  778  751  434  872  633  896  
434  175  514  862  268  828  813  156  265  439  
933  390  616  39   631  698  986  437  713  856  
486  230  357  929  432  855  397  668  790  125  
33   799  956  141  808  947  376  746  555  656  
56   254  864  628  386  155  757  646  628  129  
419  624  645  867  542  516  396  317  42   421  
208  489  392  977  744  410  809  758  84   160  
370  939  643  870  672  553  990  80   374  522  
445  417  53   168  649  908  636  249  929  745  
168  369  497  642  701  256  56   174  366  246  
336  358  817  677  972  183  94   758  309  671  
410  38   725  91   127  754  968  432  822  72   
623  321  184  104  839  617  57   236  210  129  
582  220  829  212  400  852  49   128  818  530  
437  136  896  986  588  752  640  269  987  641  
157  242  438  430  361  379  172  30   195  363  
896  706  890  950  937  17   497  994  716  843  
323  853  616  35   808  935  986  432  849  833  
843  389  104  326  95   728  692  873  415  920  
28   863  865  75   905  638  21   886  889  943  
412  198  649  872  373  583  227  764  240  435  
801  495  118  349  0    669  216  607  424  194  
631  912  107  503  932  674  340  644  890  587  
3    313  408  874  326  890  147  581  409  898  
196  801  105  462  846  81   125  693  490  426  
134  879  406  983  393  132  819  376  163  558  
566  472  437  570  42   447  671  443  132  717  
17   71   375  537  320  870  41   265  630  136  
670  818  886  391  771  763  486  141  237  861  
829  62   523  549  663  953  17   69   495  691  
199  31   356  333  290  692  335  552  169  701  
308  510  642  152  767  658  206  468  857  234  
570  776  123  372  984  409  562  783  101  91   
932  259  436  683  834  812  587  282  62   267  
141  540  126  405  824  761  426  0    639  972  
923  124  730  971  316  790  84   766  654  155  
662  371  838  698  379  952  569  874  516  291  
132  935  84   823  925  191  766  792  462  666  
750  961  971  673  765  868  473  622  945  218  
98   245  132  731  398  721  84   8    556  737  
619  975  505  172  880  710  952  316  318  284  
572  599  899  781  466  451  251  556  146  563  
134  718  998  5    80   268  748  735  215  601  
193  929  42   325  167  523  320  177  864  538  
927  84   939  440  430  126  207  874  133  395  
214  470  203  570  564  700  832  814  887  844  
260  604  753  984  296  838  819  228  412  624  
189  395  408  545  772  451  599  813  707  437  
953  16   277  198  152  501  177  441  389  704  
999  776  852  777  683  56   421  978  728  917  
148  802  398  734  107  451  302  131  951  777  
349  412  320  253  264  459  429  288  328  580  
743  476  598  260  837  999  72   72   593  713  
948  688  968  817  300  484  503  626  554  901  
404  308  926  847  443  672  823  429  698  364  
447  318  327  704  450  647  280  736  647  505  
52   747  791  28   760  659  414  348  372  862  
808  579  167  348  870  407  592  882  161  213  
375  511  606  630  795  933  115  753  462  338  
313  370  870  287  58   657  164  673  133  342  
858  222  367  676  361  658  20   763  641  459  
975  610  788  401  518  340  245  675  410  555  
645  278  77   299  719  47   645  688  733  322  
720  794  937  972  792  168  88   654  89   667  
60   947  288  45   482  292  535  513  532  249  
406  956  239  916  124  396  103  169  399  160  
1    960  384  577  649  646  970  656  134  336  
964  416  619  161  845  940  215  95   184  596  
647  177  736  556  938  659  278  150  590  374  
728  578  721  753  436  874  866  516  742  203  
33   127  174  617  221  655  950  345  733  305  
866  509  880  945  520  884  120  109  538  288  
116  813  66   68   94   294  133  182  597  592  
43   569  3    501  655  422  65   715  162  540  
226  307  620  557  118  850  205  395  840  448  
777  387  681  144  99   992  302  527  603  539  
144  617  530  138  11   584  214  527  953  134  
297  427  568  837  431  515  385  852  192  937  
906  981  506  797  886  293  75   870  211  980  
613  299  876  374  651  759  169  857  603  245  
284  672  733  608  381  518  386  543  697  719  
440  358  573  364  646  952  929  621  963  148  
899  837  340  590  66   312  877  975  341  688  
911  591  522  360  99   146  739  328  750  809  
974  187  470  131  315  909  524  60   540  64   
58   204  432  865  135  386  512  687  705  491  
375  796  938  734  499  200  54   498  161  593  
659  26   200  727  986  192  283  511  109  407  
581  454  378  109  89   257  455  209  616  723  
886  938  799  791  819  81   575  462  275  583  
150  298  424  521  191  316  555  867  149  188  
777  827  750  967  496  328  294  485  163  355  
377  611  733  108  589  327  403  888  478  619  
469  945  660  243  998  863  131  898  465  182  
498  74   543  463  574  674  14   788  527  981  
68   430  626  585  813  25   705  789  409  419  
73   183  594  361  90   420  972  698  732  689  
797  624  128  194  63   4    412  457  20   113  
644  225  546  660  261  75   951  106  323  73   
662  787  214  97   170  766  824  101  579  988  
842  640  655  73   592  923  403  449  690  394  
930  783  789  352  452  972  777  786  994  694  
299  498  466  879  662  115  975  792  694  749  
226  237  142  673  398  338  586  991  264  574  
967  373  646  47   250  852  747  679  38   390  
120  598  242  506  460  663  242  187  38   463  
516  645  194  260  838  746  179  922  559  780  
297  540  99   180  99   8    299  563  30   100  
436  830  686  248  438  119  692  652  608  770  
185  268  18   189  939  649  580  252  174  257  
941  724  716  209  774  406  239  3    192  982  
846  171  731  20   150  542  161  250  155  133  
250  824  264  854  681  205  556  612  238  855  
813  936  310  445  681  64   48   146  42   295  
633  956  74   532  283  374  224  72   361  699  
177  10   22   509  379  565  431  565  245  598  
358  491  323  14   528  919  529  126  809  929  
278  772  7    151  539  976  748  277  875  588  
976  82   30   428  78   792  193  674  413  28   
920  901  11   295  950  707  605  940  932  965  
241  555  736  554  448  189  704  302  150  385  
864  4    156  439  856  378  169  75   858  612  
988  11   362  364  636  140  199  392  299  955  
273  228  897  96   931  690  541  743  674  623  
346  90   207  696  503  857  210  628  878  28   
319  508  194  978  766  600  275  938  597  908  
820  67   272  339  927  591  700  387  319  141  
193  361  254  519  943  430  64   385  50   795  
159  60   8    416  57   585  425  75   495  33   
465  23   823  661  363  267  548  50   142  781  
796  527  948  718  163  306  672  976  639  583  
208  734  259  82   452  322  583  536  350  28   
0    577  146  666  716  545  544  595  41   751  
143  705  670  469  732  742  426  281  715  189  
940  203  693  917  26   976  132  905  694  958  
419  780  326  922  473  692  51   646  63   147  
820  943  79   150  388  118  976  487  993  317  
952  926  663  116  153  824  140  892  319  238  
61   565  384  658  841  155  605  653  668  478  
737  828  599  914  887  572  78   515  289  627  
882  789  286  434  256  244  875  784  881  184  
846  88   803  187  711  606  209  869  423  261  
319  207  557  621  457  151  991  819  83   52   
686  74   707  739  110  657  543  465  788  900  
593  242  32   687  722  777  429  576  998  928  
135  693  972  586  692  750  769  648  606  436  
965  241  56   586  686  549  607  699  868  172  
763  589  221  426  222  660  137  407  517  601  
304  628  900  284  811  487  646  56   49   363  
973  662  731  714  695  701  330  501  290  897  
23   485  777  809  307  66   784  558  280  36   
124  488  360  73   975  762  236  438  634  154  
104  297  355  130  373  454  538  802  55   449  
87   442  248  804  446  834  692  297  645  629  
367  209  509  893  924  30   103  856  864  783  
977  972  574  418  41   167  331  103  930  514  
269  913  789  758  536  952  97   16   585  686  
686  49   62   591  566  481  893  612  285  685  
989  521  402  982  235  662  343  565  493  115  
390  308  52   223  676  430  789  571  627  713  
24   306  882  155  246  964  135  763  228  59   
80   298  893  5    814  505  391  772  828  972  
500  603  7    968  780  674  53   969  129  955  
643  135  883  501  698  746  781  768  161  27   
720  955  73   669  838  171  757  332  946  389  
856  805  902  798  116  822  661  297  248  351  
426  521  857  266  864  815  621  14   212  261  
764  874  760  316  336  704  770  147  878  408  
940  497  812  335  4    518  622  207  503  93   
612  177  466  36   159  400  505  831  932  384  
299  818  471  447  574  661  732  771  79   109  
769  148  173  744  104  298  23   697  372  610  
946  638  290  742  783  854  843  147  709  566  
630  135  19   238  915  738  217  16   149  628  
911  888  896  816  581  818  395  359  693  696  
855  992  462  635  146  574  595  517  309  658  
675  845  812  547  562  370  903  980  576  139  
268  965  89   670  664  988  933  375  142  109  
664  155  199  623  356  134  139  290  101  386  
134  398  437  922  62   525  570  950  420  252  
141  759  257  933  652  757  587  249  59   574  
57   68   566  906  171  394  298  845  949  273  
181  941  70   374  162  93   987  204  897  601  
553  946  463  643  844  77   858  806  817  798  
392  544  643  685  249  365  716  430  489  289  
49   299  467  782  204  674  314  624  452  112  
385  69   799  462  694  529  475  404  178  128  
450  843  197  453  428  335  239  299  417  941  
34   418  935  304  270  397  336  162  189  513  
880  474  553  912  830  49   586  119  697  82   
532  389  685  905  568  901  429  322  586  133  
731  446  564  992  126  921  121  857  604  783  
683  266  952  673  137  883  653  498  955  158  
4    439  824  835  666  583  203  296  990  647  
481  643  521  9    310  435  167  477  761  891  
853  256  61   889  604  557  89   782  525  146  
449  358  220  268  638  603  874  21   397  477  
942  469  868  189  596  238  874  746  857  461  
151  811  38   382  345  126  331  367  344  65   
733  640  317  399  427  288  543  485  269  372  
973  325  910  644  139  555  868  54   919  590  
789  56   467  817  285  504  464  923  885  37   
984  540  582  172  405  233  958  612  553  321  
610  939  893  920  5    188  902  340  888  457  
405  671  579  606  565  693  826  278  642  30   
507  970  144  902  407  782  858  315  176  582  
669  375  906  730  180  846  900  582  213  802  
617  221  963  429  866  151  286  646  606  136  
472  401  533  419  337  200  793  751  189  302  
766  704  36   494  500  369  226  727  523  929  
112  547  958  204  987  40   546  892  684  702  
905  359  608  490  18   642  825  834  660  206  
740  890  371  874  620  647  913  25   951  850  
593  566  87   536  152  269  236  415  308  724  
32   3    946  2    772  258  811  518  89   860  
103  819  921  743  421  218  230  458  768  641  
179  313  318  987  75   616  846  129  70   971  
864  239  283  118  594  433  586  864  15   159  
289  150  858  807  506  493  908  794  731  599  
403  10   494  642  235  619  994  757  633  270  
146  861  181  422  604  663  352  333  436  278  
527  70   338  231  303  465  337  811  81   282  
130  934  255  930  153  942  600  811  213  277  
208  30   486  970  20   952  914  141  597  924  
609  666  267  450  826  752  987  633  853  339  
676  592  954  374  942  820  170  213  228  845  
549  617  444  521  179  461  397  205  815  713  
416  977  153  165  178  659  562  945  337  927  
558  451  988  798  645  256  952  101  698  262  
656  696  568  337  317  630  681  925  119  949  
354  588  234  105  19   719  460  522  571  930  
182  44   556  28   570  668  626  500  180  743  
185  866  284  268  520  117  514  93   745  761  
250  185  563  164  419  166  993  704  339  22   
324  715  997  759  550  917  533  128  769  914  
699  793  216  538  695  626  99   757  60   190  
257  338  879  537  689  657  442  631  618  536  
828  303  44   891  660  857  310  8    710  36   
162  890  916  379  901  60   801  760  755  408  
690  514  867  992  654  859  662  405  720  749  
878  830  970  974  869  172  459  433  203  155  
492  711  645  475  720  870  490  184  3    361  
847  111  477  432  893  331  942  401  393  862  
540  79   749  475  58   570  918  388  556  431  
662  415  528  866  434  71   567  249  526  400  
261  810  255  490  668  624  953  698  672  338  
243  142  599  957  880  95   183  19   759  260  
284  803  485  420  258  139  265  660  624  276  
920  698  790  885  3    825  688  618  958  175  
259  311  322  939  232  335  445  282  687  482  
944  628  622  814  769  466  609  636  90   419  
164  487  418  576  63   57   635  748  65   951  
724  576  448  350  887  302  184  406  453  668  
938  741  473  379  415  807  746  889  838  621  
309  572  634  803  59   496  111  495  375  10   
734  471  130  222  471  185  714  166  838  441  
48   316  98   47   794  363  690  903  713  992  
152  517  235  998  355  616  787  427  687  758  
663  717  808  336  122  937  815  8    491  589  
219  792  671  100  580  341  339  242  877  300  
260  584  624  212  234  931  590  932  74   840  
638  870  155  859  270  20   243  512  528  865  
659  745  527  820  592  322  827  961  756  801  
280  976  885  977  741  754  819  953  708  1    
992  177  765  15   187  13   745  538  637  245  
916  38   104  395  601  500  685  327  836  938  
605  944  380  987  378  451  624  888  719  537  
484  454  213  380  196  74   615  178  800  451  
280  166  72   735  164  723  154  280  188  658  
794  232  198  462  761  931  365  22   577  749  
644  43   871  164  241  130  546  854  976  404  
340  165  444  44   815  322  389  729  841  225  
103  901  515  500  64   733  950  722  68   745  
231  705  524  414  925  849  180  379  224  323  
484  929  980  330  538  919  54   865  317  300  
655  710  333  838  535  789  409  787  348  47   
545  110  474  285  430  948  877  239  662  279  
661  378  876  42   673  210  32   799  424  588  
395  678  299  119  846  990  879  611  195  473  
530  675  219  875  220  407  257  363  368  910  
224  485  778  146  801  687  83   844  231  427  
115  409  591  757  582  149  673  685  667  639  
60   295  177  453  274  73   402  226  743  428  
909  213  696  159  590  611  889  928  977  48   
40   53   39   946  784  18   488  110  984  915  
506  240  862  876  912  237  798  400  983  283  
679  103  421  348  511  963  298  758  990  413  
764  22   193  427  205  438  840  61   408  789  
474  712  261  710  671  426  0    196  175  127  
177  356  537  164  231  755  702  530  966  426  
399  445  795  439  28   270  341  126  606  373  
71   583  207  843  355  506  9    807  809  576  
925  727  528  76   469  506  76   723  595  228  
609  455  628  681  295  50   407  805  966  105  
74   260  916  902  79   45   701  779  379  468  
650  172  328  409  765  308  611  147  28   850  
888  696  804  310  636  361  127  455  100  762  
857  239  756  216  24   1    819  326  770  841  
965  745  244  317  336  883  480  75   851  757  
406  515  876  544  382  686  369  917  564  263  
170  835  117  480  613  554  578  144  753  662  
523  237  703  326  646  893  661  597  984  97   
453  57   330  635  383  882  200  903  218  829  
286  392  280  458  35   13   51   706  475  212  
42   533  480  133  977  555  393  627  152  273  
381  22   202  958  402  748  368  559  673  513  
559  232  844  77   696  869  763  717  463  224  
715  92   142  154  648  396  83   823  356  23   
951  829  33   891  96   422  555  629  625  159  
938  461  912  848  735  91   745  204  404  328  
153  547  705  217  414  15   60   815  837  947  
584  898  107  459  90   207  816  63   904  903  
9    770  690  618  85   51   790  524  819  409  
391  119  946  468  261  865  976  802  75   880  
271  863  765  843  661  321  496  170  27   619  
734  969  744  983  114  89   567  802  554  543  
214  162  875  681  112  899  840  94   622  475  
6    6    561  555  226  298  555  79   916  373  
71   944  672  539  582  360  722  832  60   948  
674  325  522  113  104  606  837  104  538  40   
902  196  724  1    404  735  471  480  799  903  
573  103  46   710  516  637  179  195  745  41   
949  459  975  124  631  180  280  647  823  235  
626  845  506  932  894  906  710  858  877  684  
0    928  716  576  726  783  11   600  488  57   
976  836  371  653  152  511  333  484  393  483  
456  796  249  503  417  850  899  920  536  109  
996  982  61   561  81   705  105  842  236  307  
291  249  694  727  908  203  78   827  485  416  
995  722  335  946  959  549  987  87   684  635  
995  952  484  759  24   179  499  793  390  454  
679  183  509  45   740  692  594  205  729  266  
5    874  127  669  44   894  947  64   399  587  
217  644  573  275  939  477  760  894  755  608  
773  540  6    962  823  987  209  867  443  571  
792  27   414  720  852  787  78   504  581  207  
903  494  489  394  512  318  836  379  669  90   
424  78   126  140  518  694  47   588  222  82   
921  333  828  158  601  323  28   468  455  528  
334  146  346  688  749  333  267  440  53   14   
287  886  643  828  768  181  394  739  830  864  
691  331  938  410  500  716  212  19   764  568  
102  70   622  897  176  552  268  534  973  819  
110  480  750  604  268  641  773  713  752  231  
653  567  247  70   392  843  185  836  569  184  
198  568  163  817  500  21   905  743  111  532  
520  589  937  720  722  370  714  998  893  598  
816  388  827  953  850  145  394  24   130  502  
519  394  258  411  534  114  361  621  878  349  
366  791  475  703  99   919  771  745  885  74   
862  357  987  738  727  13   718  102  968  697  
224  403  509  728  128  738  792  889  844  114  
37   498  608  167  390  697  342  875  226  560  
14   669  865  398  537  815  635  476  88   180  
890  262  531  378  589  3    783  812  959  494  
926  459  695  286  741  981  729  530  514  398  
85   153  821  815  534  945  681  773  822  575  
459  12   920  470  218  507  870  75   687  897  
812  97   991  464  924  312  390  480  244  284  
639  144  109  594  49   705  485  878  740  771  
464  275  885  925  962  427  398  718  64   464  
865  649  271  753  62   409  701  913  739  841  
831  85   148  775  195  157  699  458  551  428  
209  50   569  515  910  943  208  123  54   716  
483  730  597  885  313  872  339  727  528  929  
995  399  370  254  577  37   301  152  99   890  
474  948  225  393  209  270  639  18   226  135  
579  284  735  936  186  116  288  980  664  321  
815  936  855  954  725  695  407  986  453  396  
295  210  520  142  796  896  520  483  896  263  
873  694  772  215  796  347  729  86   534  494  
746  711  264  478  806  466  441  663  758  452  
577  368  898  89   399  370  873  431  542  835  
832  717  915  154  538  916  474  731  41   628  
137  181  476  426  645  139  897  56   276  840  
621  117  363  894  2    895  505  808  280  487  
843  510  88   116  105  681  492  803  641  896  
803  805  99   931  380  304  93   934  128  75   
208  952  933  437  634  460  496  853  445  55   
482  23   591  660  95   125  412  868  355  372  
305  82   110  377  403  982  626  804  344  688  
594  499  659  384  965  410  278  827  59   954  
346  529  887  151  555  476  542  567  714  123  
23   664  3    32   923  729  712  463  559  83   
429  425  111  1    575  640  702  118  14   259  
628  46   714  300  238  688  565  584  676  498  
949  278  495  262  637  764  922  243  212  622  
394  455  750  905  289  716  274  575  231  184  
164  988  626  978  572  257  224  833  55   646  
466  599  891  749  484  598  177  260  578  162  
998  59   757  703  770  927  525  172  830  399  
817  777  647  749  342  221  624  479  405  794  
55   63   440  477  142  303  37   345  725  241  
155  955  382  726  141  460  785  957  710  594  
530  742  364  144  679  784  479  175  558  96   
516  628  663  435  149  972  445  365  147  790  
147  931  407  256  428  998  756  437  228  801  
290  365  109  285  415  309  76   299  606  472  
510  890  397  630  805  169  401  317  760  943  
445  229  209  825  107  624  344  300  146  586  
289  164  201  333  289  132  155  376  23   239  
243  369  832  998  601  944  11   875  798  670  
31   933  436  39   977  853  594  316  90   480  
31   707  297  790  172  738  469  971  943  994  
998  588  237  353  92   676  784  27   640  127  
193  890  650  583  800  907  114  213  690  746  
611  970  770  145  180  927  723  517  265  610  
548  122  314  529  925  768  539  300  241  878  
651  78   469  990  225  260  856  297  884  610  
779  260  993  322  131  555  395  22   93   69   
277  976  73   496  420  752  202  727  403  134  
445  41   302  776  528  684  580  222  565  753  
847  716  966  666  613  208  291  137  532  796  
618  651  785  886  567  933  58   447  685  965  
901  489  507  373  984  76   834  843  219  75   
62   596  931  474  683  163  992  187  530  404  
248  473  588  518  821  740  254  560  805  7    
317  147  930  638  180  40   385  804  572  572  
398  780  588  993  664  30   617  647  632  172  
71   411  800  477  848  550  98   826  925  49   
606  632  531  631  832  901  623  757  793  286  
486  597  821  184  558  889  102  566  945  174  
791  659  11   294  739  504  273  859  774  552  
852  617  700  953  551  475  473  254  637  545  
328  51   807  576  873  489  797  771  205  235  
402  264  99   568  621  198  520  753  525  182  
762  677  412  791  694  876  88   127  859  489  
198  974  479  203  327  397  456  781  768  975  
461  157  749  598  246  402  46   882  129  626  
220  254  887  82   389  411  262  807  950  729  
